-4
-23
-56
-51
-48
-26
-38
-88
-3
-64
-46
-24
-45
-42
-33
-67
-93
-39
3
-57
-32
-55
-39
-31
-31
-85
-45
-37
0
0
0
0
-27
-44
11
45
-12
-24
-5
12
12
-17
5
-1
8
-11
-20
9
20
33
5
-16
-20
27
-6
13
-7
25
3
-24
0
0
0
0
-3
20
-10
2
62
-40
-3
16
25
8
31
-16
-13
38
-35
37
21
0
7
38
-14
4
34
-6
49
5
16
-19
0
0
0
0
41
-7
-17
34
44
32
22
52
-6
24
23
43
46
54
40
-21
43
34
59
65
32
17
20
56
24
51
24
38
0
0
0
0
-23
-7
-53
-68
-71
-72
-16
-62
-42
-59
-43
-87
-61
-85
-79
-2
-45
-92
-101
-23
-64
-31
-98
-71
-93
-48
-74
-42
0
0
0
0
-22
-13
32
29
-2
-19
27
24
18
-15
-17
-37
-16
31
19
-4
-23
17
18
1
1
-13
-31
-7
21
12
24
10
0
0
0
0
2
12
22
52
48
13
-19
41
20
-12
12
-40
35
48
21
14
6
80
6
61
-21
-1
-22
31
-19
55
42
5
0
0
0
0
9
-45
-25
5
-16
-10
14
18
13
20
8
20
-13
-23
5
10
0
-9
8
-18
33
14
36
6
26
-25
5
-12
0
0
0
0
-51
-79
-74
-114
-76
-114
-85
-75
-36
-104
-93
-53
-48
-70
-126
-126
-48
-48
-81
-106
-120
-73
-56
-63
-116
-45
-68
-50
0
0
0
0
-11
17
21
-27
12
-5
5
-18
-23
74
35
-23
23
43
12
18
7
-1
-10
21
-11
22
16
29
27
22
6
22
0
0
0
0
37
30
35
65
-10
7
-31
23
6
5
47
-19
36
6
92
68
4
47
-19
-3
29
63
12
53
30
33
35
10
0
0
0
0
-17
-56
-17
18
-29
3
34
39
-23
-24
-13
-10
-6
1
-65
-42
-12
16
10
4
-50
15
-16
-25
1
-36
-13
-22
0
0
0
0
-43
-58
-49
-126
-77
-86
-50
-99
-60
-97
-83
-124
-114
-115
-38
-64
-169
-128
-133
-64
-74
-41
-173
-104
-143
-96
-121
-72
0
0
0
0
-36
-29
5
42
87
36
-34
-9
30
27
-27
-58
6
19
19
-15
32
65
8
23
-18
-38
19
33
-18
33
51
48
0
0
0
0
92
49
32
110
57
70
83
51
-5
49
43
14
67
35
101
50
8
52
28
97
41
38
23
52
18
46
-13
34
0
0
0
0
21
-13
-13
14
-23
41
6
50
50
52
34
18
-17
25
41
-3
-12
11
43
-11
86
-4
13
43
50
-5
26
0
0
0
0
0
-31
-79
-38
-94
-90
-131
-121
-87
-89
-112
-92
-81
-64
-97
-120
-97
-88
-108
-118
-41
-199
-62
-125
-83
-169
-48
-105
-72
0
0
0
0
15
-31
-7
46
28
-13
-4
-1
14
-4
23
51
2
-2
41
18
12
10
-30
-15
10
29
2
27
17
14
39
43
0
0
0
0
106
46
-16
38
-2
6
58
-17
25
99
27
86
35
65
61
2
40
17
19
38
35
110
53
57
73
43
13
33
0
0
0
0
11
17
-12
73
34
18
30
31
0
10
10
19
12
29
3
37
14
39
63
-16
1
21
19
-14
74
-12
47
38
0
0
0
0
-22
-112
-41
-159
-95
-43
-77
-95
-72
-65
-46
-169
-131
-109
-62
-132
-129
-86
-102
-88
-50
-135
-166
-123
-135
-105
-92
-92
0
0
0
0
-13
-24
13
54
24
-1
39
12
-27
-7
48
-10
-50
-15
0
52
60
14
-15
20
19
55
1
-32
19
-3
7
71
0
0
0
0
68
16
-12
7
84
-4
51
39
107
34
-3
79
23
32
6
-2
74
20
72
27
27
68
70
15
72
52
1
46
0
0
0
0
0
24
-24
13
32
25
-30
3
30
20
34
48
54
107
36
59
40
47
5
40
25
38
69
28
27
47
17
16
0
0
0
0
-23
-66
-70
-83
-43
-119
-125
-75
-89
-121
-115
-91
-45
-117
-100
-50
-100
-117
-141
-88
-131
-66
-128
-81
-105
-103
-78
-79
0
0
0
0
-3
1
-7
0
19
46
42
-12
-26
-15
14
-7
31
35
22
-25
-2
-2
17
-14
13
15
8
28
37
26
38
65
0
0
0
0
39
13
56
43
40
19
90
27
47
12
35
70
-12
55
42
41
12
-14
31
64
39
100
20
48
30
99
36
-1
0
0
0
0
0
26
-9
41
31
-14
3
59
3
20
24
47
46
4
73
57
36
52
37
-1
53
-28
31
-3
15
16
29
9
0
0
0
0
-29
-40
-35
-88
-90
-72
-58
-176
-116
-93
-65
-164
-111
-108
-62
-166
-116
-84
-62
-84
-97
-136
-92
-146
-88
-83
-112
-81
0
0
0
0
7
10
-46
-24
4
-21
-6
4
41
26
25
39
-6
-11
2
30
13
14
12
-2
7
31
-3
8
23
51
44
42
0
0
0
0
39
47
104
23
19
38
26
22
83
13
63
-4
46
44
22
11
41
81
120
43
87
20
0
72
31
68
96
-14
0
0
0
0
13
5
-2
60
42
70
64
63
59
80
53
105
45
59
48
30
-4
34
3
33
-3
35
21
15
-14
-18
-27
-11
0
0
0
0
-3
-40
-89
-108
-92
-147
-82
-82
-73
-115
-101
-95
-120
-88
-99
-110
-33
-98
-108
-109
-99
-135
-79
-123
-88
-88
-105
-99
0
0
0
0
-33
-10
8
12
40
-2
-3
10
32
-40
-12
48
30
3
21
12
17
-2
16
10
6
-15
33
8
-1
45
50
27
0
0
0
0
46
21
10
20
47
36
-7
18
46
59
34
15
65
32
30
95
-2
43
82
40
95
31
11
106
51
56
56
-2
0
0
0
0
7
15
21
35
19
67
60
22
26
32
-4
-12
24
34
10
26
33
6
26
-1
12
19
-17
16
32
-12
12
30
0
0
0
0
-21
-76
-81
-37
-55
-105
-98
-131
-63
-163
-108
-132
-116
-145
-70
-94
-107
-113
-42
-98
-101
-115
-103
-102
-118
-110
-104
-53
0
0
0
0
-9
39
6
-45
-7
-3
-1
15
-8
20
54
22
16
16
8
8
-3
14
-5
21
13
-8
6
16
-11
89
60
21
0
0
0
0
26
25
39
52
42
55
38
27
37
37
61
5
93
57
60
41
66
37
10
11
35
7
35
34
67
69
21
12
0
0
0
0
-2
-8
9
20
36
25
-1
60
28
32
5
42
-31
24
-8
-10
2
19
32
47
31
43
13
49
18
6
34
23
0
0
0
0
-51
-41
-51
-101
-101
-90
-64
-177
-115
-105
-105
-173
-63
-82
-152
-118
-80
-142
-113
-117
-67
-91
-87
-94
-40
-78
-114
-77
0
0
0
0
11
17
-48
-21
31
-8
-15
11
38
20
27
8
18
-9
13
29
41
9
3
1
10
24
5
-19
11
25
60
46
0
0
0
0
39
65
50
8
39
34
50
41
48
52
104
79
52
70
70
31
47
71
-11
39
24
47
84
-7
66
9
-1
16
0
0
0
0
-4
1
43
-22
4
68
-11
-15
43
-16
-19
35
-29
10
25
30
36
62
74
36
29
37
17
41
72
32
44
29
0
0
0
0
-3
-56
-60
-94
-101
-169
-110
-72
-112
-155
-69
-118
-151
-137
-90
-107
-99
-103
-59
-126
-76
-105
-109
-63
-126
-80
-57
-55
0
0
0
0
-23
-21
-6
20
18
26
5
-24
-9
22
11
-1
32
52
23
30
5
-18
-3
-3
-7
55
-7
1
36
51
49
39
0
0
0
0
91
11
34
30
-2
67
80
62
121
62
2
85
56
-1
95
37
86
47
11
28
15
70
95
31
52
8
16
-2
0
0
0
0
16
0
-3
11
-12
34
5
-12
2
13
5
32
11
55
11
29
48
50
44
80
71
71
57
37
31
36
55
16
0
0
0
0
-55
-45
-51
-116
-73
-77
-120
-147
-98
-163
-121
-115
-81
-110
-104
-82
-104
-103
-100
-108
-60
-66
-76
-83
-124
-98
-89
-80
0
0
0
0
-42
-14
23
-6
3
7
6
20
20
-21
-20
36
60
31
32
-15
18
15
11
27
19
-4
-7
15
-9
31
32
15
0
0
0
0
12
22
16
75
31
78
103
-5
59
51
5
37
71
63
77
-8
-10
10
24
85
45
87
43
46
33
10
29
-14
0
0
0
0
24
-10
-15
-6
11
-3
13
20
48
56
14
73
10
4
57
33
40
42
22
-7
41
-5
41
67
15
57
47
25
0
0
0
0
0
-48
-73
-126
-64
-119
-119
-125
-137
-87
-79
-113
-142
-87
-108
-119
-84
-106
-67
-67
-137
-111
-82
-124
-124
-43
-88
-42
0
0
0
0
-43
-8
22
-29
-70
11
6
28
78
18
11
60
-3
-38
18
30
38
70
12
4
-38
-9
28
56
6
-25
7
40
0
0
0
0
44
43
54
69
29
-16
60
56
64
92
12
13
49
16
39
17
55
36
43
15
51
48
-41
84
36
26
55
0
0
0
0
0
-5
21
-4
52
36
41
65
20
2
72
25
36
105
40
11
2
-19
2
13
18
-12
37
-21
-22
65
-8
1
26
0
0
0
0
-31
-26
-100
-77
-122
-108
-110
-86
-104
-93
-131
-95
-116
-81
-80
-118
-78
-130
-176
-121
-58
-71
-95
-82
-133
-68
-73
-51
0
0
0
0
-37
-18
1
-2
-25
38
76
2
-37
3
-5
6
46
38
25
-3
0
-24
11
27
15
23
30
30
35
21
5
38
0
0
0
0
1
67
41
74
47
60
24
115
14
7
48
25
89
28
24
47
14
34
73
94
29
48
16
58
41
80
0
19
0
0
0
0
49
1
35
24
34
13
70
97
17
45
40
-8
60
30
9
49
31
-3
-31
16
-1
9
36
4
16
-11
14
3
0
0
0
0
-29
-45
-69
-38
-107
-109
-113
-126
-128
-79
-125
-43
-77
-158
-92
-109
-119
-122
-19
-100
-177
-59
-135
-104
-104
-77
-125
-73
0
0
0
0
-20
-11
-45
7
-4
10
18
9
36
78
16
-23
-5
-11
16
1
20
42
7
-1
10
18
-1
44
-22
-6
32
72
0
0
0
0
59
39
26
-10
30
73
39
108
50
22
107
-16
-10
65
-3
54
76
89
43
45
66
57
54
10
-9
29
-1
36
0
0
0
0
-2
18
30
34
12
64
22
5
15
11
68
84
44
36
15
15
-33
62
54
1
31
22
29
37
59
-9
4
-2
0
0
0
0
-28
-65
-75
-80
-80
-95
-108
-86
-114
-57
-160
-169
-81
-62
-85
-142
-23
-91
-171
-94
-50
-92
-154
-100
-164
-52
-67
-42
0
0
0
0
-13
-52
-19
-5
46
-14
3
12
15
28
10
-13
24
-18
21
22
-3
9
31
16
7
41
-12
-9
56
45
33
57
0
0
0
0
49
36
35
35
32
62
15
53
51
52
74
52
-15
38
15
60
25
26
65
49
52
28
63
17
30
80
30
51
0
0
0
0
4
9
-10
-41
12
14
19
14
35
-7
20
0
46
66
31
73
42
-24
28
25
13
31
57
-17
8
8
12
-11
0
0
0
0
-54
-41
-43
-83
-150
-155
-116
-96
-90
-118
-71
-110
-114
-169
-14
-63
-121
-89
-42
-88
-152
-96
-106
-55
-92
-85
-104
-89
0
0
0
0
-12
-40
-16
35
10
33
-1
22
-12
-14
33
11
15
21
16
-2
-15
26
24
49
7
10
-12
-16
16
31
18
31
0
0
0
0
70
32
45
43
31
51
46
5
102
25
-4
46
50
78
104
54
75
-16
38
15
29
53
47
46
68
72
34
3
0
0
0
0
15
13
2
31
22
31
45
-10
18
32
5
25
13
33
11
8
25
32
31
37
12
21
15
27
-7
8
32
2
0
0
0
0
-42
-68
-80
-129
-73
-92
-136
-99
-92
-140
-101
-113
-38
-80
-104
-126
-91
-130
-125
-100
-35
-100
-119
-75
-69
-98
-112
-50
0
0
0
0
-41
-51
9
-7
-21
7
27
35
68
41
55
20
-17
-15
-19
8
34
37
1
-42
15
13
9
-2
6
45
40
39
0
0
0
0
12
30
36
47
57
28
50
43
18
78
29
58
80
56
54
-3
91
1
40
40
2
13
24
63
54
79
63
-50
0
0
0
0
26
-11
7
32
57
39
50
50
21
10
18
10
21
16
27
41
44
46
66
48
24
45
14
22
9
3
52
23
0
0
0
0
-44
-63
-23
-89
-110
-118
-72
-120
-78
-90
-90
-149
-109
-132
-113
-53
-74
-117
-77
-85
-97
-81
-69
-115
-130
-26
-106
-88
0
0
0
0
-31
-3
-11
2
35
51
3
-29
-50
-14
24
63
40
51
0
-5
-4
-12
11
25
9
-2
44
36
23
38
11
-2
0
0
0
0
69
25
83
81
72
43
43
60
3
13
28
36
49
26
66
21
19
69
30
27
33
49
28
65
66
31
35
-9
0
0
0
0
-6
12
-25
23
-9
23
15
59
39
51
-2
9
-3
21
-3
53
18
56
40
25
76
30
5
13
45
2
44
9
0
0
0
0
-22
-58
-66
-98
-91
-183
-141
-97
-84
-98
-83
-89
-127
-85
-69
-125
-102
-59
-78
-100
-71
-108
-115
-65
-69
-88
-90
-52
0
0
0
0
18
-28
-34
4
42
1
19
-26
4
57
32
12
23
-9
22
3
36
34
-26
-9
-28
20
32
6
-47
32
91
53
0
0
0
0
40
97
51
18
0
32
55
86
40
68
50
70
59
43
14
49
-23
57
41
24
30
30
59
57
77
-20
23
17
0
0
0
0
3
-1
5
43
43
14
57
32
-29
19
20
14
48
10
23
50
4
31
76
1
20
48
12
59
41
-19
27
46
0
0
0
0
-14
-58
-50
-166
-126
-60
-35
-101
-70
-106
-159
-109
-131
-86
-115
-106
-110
-67
-140
-72
-114
-57
-92
-77
-124
-44
-60
-108
0
0
0
0
-40
-86
-9
100
57
26
-4
-1
-23
8
28
27
-30
-35
32
36
6
22
47
52
-13
-8
-14
6
27
29
80
20
0
0
0
0
57
19
17
-3
86
64
53
35
56
64
82
26
47
11
-51
61
14
12
65
66
1
105
51
16
58
-42
-41
65
0
0
0
0
16
10
-20
-20
13
43
-7
57
13
25
73
56
67
97
26
57
80
-18
25
-1
16
43
30
23
56
11
19
32
0
0
0
0
-69
-67
-61
-82
-85
-136
-107
-91
-100
-71
-100
-59
-121
-138
-80
-84
-128
-102
-75
-118
-88
-69
-121
-44
-102
-126
-62
-32
0
0
0
0
-11
-10
39
22
-25
-15
-8
7
43
-1
-23
-23
33
72
56
19
3
9
19
8
-7
-2
-12
22
47
25
27
41
0
0
0
0
92
61
16
86
17
11
5
24
82
19
65
22
-30
58
75
33
120
-13
46
99
4
65
19
23
31
56
20
17
0
0
0
0
-13
1
-17
45
57
-3
21
-11
24
57
46
45
17
17
27
5
22
9
-7
41
-22
28
31
31
-10
9
17
-9
0
0
0
0
-2
-70
-81
-126
-121
-91
-99
-70
-117
-91
-94
-113
-81
-37
-145
-107
-100
-134
-96
-73
-83
-92
-75
-123
-78
-42
-80
-106
0
0
0
0
-27
-20
-29
3
15
55
38
51
9
-11
7
12
38
-10
-46
1
37
20
19
-11
21
4
12
44
38
-21
10
53
0
0
0
0
73
39
50
43
36
57
15
61
69
33
46
17
28
45
78
23
75
94
33
57
31
20
-6
71
56
59
28
-27
0
0
0
0
22
38
-25
74
28
33
39
63
24
32
-4
2
16
-6
32
-19
-16
10
36
-4
56
26
10
8
66
-7
26
36
0
0
0
0
-9
-67
-39
-93
-93
-114
-100
-91
-96
-104
-112
-109
-129
-143
-58
-125
-52
-105
-123
-98
-118
-104
-97
-56
-123
-64
-63
-63
0
0
0
0
-19
-68
-105
-95
-130
-54
-84
-89
-105
-80
-140
-57
-81
-89
-78
-167
-114
-101
-34
-95
-107
-74
-94
-111
-43
-111
-74
-69
0
0
0
0
-6
-71
-56
-81
-77
-86
-68
-105
-77
-101
-42
-88
-49
-139
-40
-106
0
-148
-100
-44
-82
-59
-101
-74
-69
-41
-57
-51
0
0
0
0
-19
-34
-56
-70
-90
-58
-114
-86
-63
-98
-44
-115
-52
-82
-56
-104
-83
-39
-69
-60
-82
-83
-70
-47
-68
-56
-82
-78
0
0
0
0
11
-35
20
33
73
14
-37
-16
-23
-1
41
5
7
13
13
36
48
-18
-23
70
13
15
15
20
13
3
10
42
0
0
0
0
-22
9
-10
-10
-26
-15
27
7
51
50
26
24
-4
6
39
-9
20
14
9
40
12
19
19
-12
-18
50
58
29
0
0
0
0
-38
24
21
42
37
23
1
-4
11
2
-18
-19
4
-3
51
29
-19
44
34
-3
13
23
-17
0
61
11
11
33
0
0
0
0
-4
14
23
-22
4
8
18
49
4
-12
20
-25
76
58
5
15
4
5
-1
10
29
30
18
-15
5
35
38
74
0
0
0
0
61
70
57
-1
39
53
32
74
-30
23
-23
11
120
51
101
51
-9
87
42
-15
29
43
17
60
71
42
3
-17
0
0
0
0
35
37
29
4
98
19
31
57
-30
50
77
72
118
71
1
94
14
43
36
15
81
31
85
34
55
10
30
36
0
0
0
0
44
49
96
33
116
27
98
39
65
70
116
46
62
72
46
62
55
13
83
65
71
35
69
70
33
101
51
36
0
0
0
0
6
17
11
57
13
28
49
24
88
65
43
62
-23
32
20
22
18
36
58
47
23
29
2
22
18
33
32
33
0
0
0
0
-3
11
-3
28
41
33
60
55
16
68
40
-12
38
-19
-1
24
24
55
9
40
12
30
70
-9
24
-2
17
35
0
0
0
0
-14
3
-26
-18
20
-19
17
-8
18
-29
-16
-12
-12
-14
-6
5
-14
25
-3
-19
-17
3
-20
44
13
-6
-22
27
0
0
0
0
-21
-26
-55
0
-38
12
-44
-19
-38
-22
-11
-7
-55
12
-57
53
-15
-9
-13
-6
-13
-16
-16
-44
0
-35
-4
-10
0
0
0
0
9
-7
4
-27
-9
-42
-27
-7
-12
-8
12
-15
23
25
12
-19
-2
-31
-18
-9
-16
-20
21
8
-34
-29
-31
-40
0
0
0
0
