-4
-23
-56
-51
-48
-26
-38
-88
-3
-64
-46
-24
-45
-42
-33
-67
-93
-39
3
-57
-32
-55
-39
-31
-31
-85
-45
-37
0
0
0
0
-27
-44
11
45
-12
-24
-5
12
12
-17
5
-1
8
-11
-20
9
20
33
5
-16
-20
27
-6
13
-7
25
3
-24
0
0
0
0
-3
20
-10
2
62
-40
-3
16
25
8
31
-16
-13
38
-35
37
21
0
7
38
-14
4
34
-6
49
5
16
-19
0
0
0
0
41
-7
-17
34
44
32
22
52
-6
24
23
43
46
54
40
-21
43
34
59
65
32
17
20
56
24
51
24
38
0
0
0
0
-23
-7
-53
-68
-71
-72
-16
-62
-42
-59
-43
-87
-61
-85
-79
-2
-45
-92
-101
-23
-64
-31
-98
-71
-93
-48
-74
-42
0
0
0
0
-22
-13
32
29
-2
-19
27
24
18
-15
-17
-37
-16
31
19
-4
-23
17
18
1
1
-13
-31
-7
21
12
24
10
0
0
0
0
2
12
22
52
48
13
-19
41
20
-12
12
-40
35
48
21
14
6
80
6
61
-21
-1
-22
31
-19
55
42
5
0
0
0
0
9
-45
-25
5
-16
-10
14
18
13
20
8
20
-13
-23
5
10
0
-9
8
-18
33
14
36
6
26
-25
5
-12
0
0
0
0
-51
-79
-74
-114
-76
-114
-85
-75
-36
-104
-93
-53
-48
-70
-126
-126
-48
-48
-81
-106
-120
-73
-56
-63
-116
-45
-68
-50
0
0
0
0
-11
17
21
-27
12
-5
5
-18
-23
74
35
-23
23
43
12
18
7
-1
-10
21
-11
22
16
29
27
22
6
22
0
0
0
0
37
30
35
65
-10
7
-31
23
6
5
47
-19
36
6
92
68
4
47
-19
-3
29
63
12
53
30
33
35
10
0
0
0
0
-17
-56
-17
18
-29
3
34
39
-23
-24
-13
-10
-6
1
-65
-42
-12
16
10
4
-50
15
-16
-25
1
-36
-13
-22
0
0
0
0
-43
-58
-49
-126
-77
-86
-50
-99
-60
-97
-83
-124
-114
-115
-38
-64
-169
-128
-133
-64
-74
-41
-173
-104
-143
-96
-121
-72
0
0
0
0
-36
-29
5
42
87
36
-34
-9
30
27
-27
-58
6
19
19
-15
32
65
8
23
-18
-38
19
33
-18
33
51
48
0
0
0
0
92
49
32
110
57
70
83
51
-5
49
43
14
67
35
101
50
8
52
28
97
41
38
23
52
18
46
-13
34
0
0
0
0
21
-13
-13
14
-23
41
6
50
50
52
34
18
-17
25
41
-3
-12
11
43
-11
86
-4
13
43
50
-5
26
0
0
0
0
0
-31
-79
-38
-94
-90
-131
-121
-87
-89
-112
-92
-81
-64
-97
-120
-97
-88
-108
-118
-41
-199
-62
-125
-83
-169
-48
-105
-72
0
0
0
0
15
-31
-7
46
28
-13
-4
-1
14
-4
23
51
2
-2
41
18
12
10
-30
-15
10
29
2
27
17
14
39
43
0
0
0
0
106
46
-16
38
-2
6
58
-17
25
99
27
86
35
65
61
2
40
17
19
38
35
110
53
57
73
43
13
33
0
0
0
0
11
17
-12
73
34
18
30
31
0
10
10
19
12
29
3
37
14
39
63
-16
1
21
19
-14
74
-12
47
38
0
0
0
0
-22
-112
-41
-159
-95
-43
-77
-95
-72
-65
-46
-169
-131
-109
-62
-132
-129
-86
-102
-88
-50
-135
-166
-123
-135
-105
-92
-92
0
0
0
0
-13
-24
13
54
24
-1
39
12
-27
-7
48
-10
-50
-15
0
52
60
14
-15
20
19
55
1
-32
19
-3
7
71
0
0
0
0
68
16
-12
7
84
-4
51
39
107
34
-3
79
23
32
6
-2
74
20
72
27
27
68
70
15
72
52
1
46
0
0
0
0
0
24
-24
13
32
25
-30
3
30
20
34
48
54
107
36
59
40
47
5
40
25
38
69
28
27
47
17
16
0
0
0
0
-23
-66
-70
-83
-43
-119
-125
-75
-89
-121
-115
-91
-45
-117
-100
-50
-100
-117
-141
-88
-131
-66
-128
-81
-105
-103
-78
-79
0
0
0
0
-3
1
-7
0
19
46
42
-12
-26
-15
14
-7
31
35
22
-25
-2
-2
17
-14
13
15
8
28
37
26
38
65
0
0
0
0
39
13
56
43
40
19
90
27
47
12
35
70
-12
55
42
41
12
-14
31
64
39
100
20
48
30
99
36
-1
0
0
0
0
0
26
-9
41
31
-14
3
59
3
20
24
47
46
4
73
57
36
52
37
-1
53
-28
31
-3
15
16
29
9
0
0
0
0
-29
-40
-35
-88
-90
-72
-58
-176
-116
-93
-65
-164
-111
-108
-62
-166
-116
-84
-62
-84
-97
-136
-92
-146
-88
-83
-112
-81
0
0
0
0
7
10
-46
-24
4
-21
-6
4
41
26
25
39
-6
-11
2
30
13
14
12
-2
7
31
-3
8
23
51
44
42
0
0
0
0
39
47
104
23
19
38
26
22
83
13
63
-4
46
44
22
11
41
81
120
43
87
20
0
72
31
68
96
-14
0
0
0
0
13
5
-2
60
42
70
64
63
59
80
53
105
45
59
48
30
-4
34
3
33
-3
35
21
15
-14
-18
-27
-11
0
0
0
0
-3
-40
-89
-108
-92
-147
-82
-82
-73
-115
-101
-95
-120
-88
-99
-110
-33
-98
-108
-109
-99
-135
-79
-123
-88
-88
-105
-99
0
0
0
0
-33
-10
8
12
40
-2
-3
10
32
-40
-12
48
30
3
21
12
17
-2
16
10
6
-15
33
8
-1
45
50
27
0
0
0
0
46
21
10
20
47
36
-7
18
46
59
34
15
65
32
30
95
-2
43
82
40
95
31
11
106
51
56
56
-2
0
0
0
0
7
15
21
35
19
67
60
22
26
32
-4
-12
24
34
10
26
33
6
26
-1
12
19
-17
16
32
-12
12
30
0
0
0
0
-21
-76
-81
-37
-55
-105
-98
-131
-63
-163
-108
-132
-116
-145
-70
-94
-107
-113
-42
-98
-101
-115
-103
-102
-118
-110
-104
-53
0
0
0
0
-9
39
6
-45
-7
-3
-1
15
-8
20
54
22
16
16
8
8
-3
14
-5
21
13
-8
6
16
-11
89
60
21
0
0
0
0
26
25
39
52
42
55
38
27
37
37
61
5
93
57
60
41
66
37
10
11
35
7
35
34
67
69
21
12
0
0
0
0
-2
-8
9
20
36
25
-1
60
28
32
5
42
-31
24
-8
-10
2
19
32
47
31
43
13
49
18
6
34
23
0
0
0
0
-51
-41
-51
-101
-101
-90
-64
-177
-115
-105
-105
-173
-63
-82
-152
-118
-80
-142
-113
-117
-67
-91
-87
-94
-40
-78
-114
-77
0
0
0
0
11
17
-48
-21
31
-8
-15
11
38
20
27
8
18
-9
13
29
41
9
3
1
10
24
5
-19
11
25
60
46
0
0
0
0
39
65
50
8
39
34
50
41
48
52
104
79
52
70
70
31
47
71
-11
39
24
47
84
-7
66
9
-1
16
0
0
0
0
-4
1
43
-22
4
68
-11
-15
43
-16
-19
35
-29
10
25
30
36
62
74
36
29
37
17
41
72
32
44
29
0
0
0
0
-3
-56
-60
-94
-101
-169
-110
-72
-112
-155
-69
-118
-151
-137
-90
-107
-99
-103
-59
-126
-76
-105
-109
-63
-126
-80
-57
-55
0
0
0
0
-23
-21
-6
20
18
26
5
-24
-9
22
11
-1
32
52
23
30
5
-18
-3
-3
-7
55
-7
1
36
51
49
39
0
0
0
0
91
11
34
30
-2
67
80
62
121
62
2
85
56
-1
95
37
86
47
11
28
15
70
95
31
52
8
16
-2
0
0
0
0
16
0
-3
11
-12
34
5
-12
2
13
5
32
11
55
11
29
48
50
44
80
71
71
57
37
31
36
55
16
0
0
0
0
-55
-45
-51
-116
-73
-77
-120
-147
-98
-163
-121
-115
-81
-110
-104
-82
-104
-103
-100
-108
-60
-66
-76
-83
-124
-98
-89
-80
0
0
0
0
-42
-14
23
-6
3
7
6
20
20
-21
-20
36
60
31
32
-15
18
15
11
27
19
-4
-7
15
-9
31
32
15
0
0
0
0
12
22
16
75
31
78
103
-5
59
51
5
37
71
63
77
-8
-10
10
24
85
45
87
43
46
33
10
29
-14
0
0
0
0
24
-10
-15
-6
11
-3
13
20
48
56
14
73
10
4
57
33
40
42
22
-7
41
-5
41
67
15
57
47
25
0
0
0
0
0
-48
-73
-126
-64
-119
-119
-125
-137
-87
-79
-113
-142
-87
-108
-119
-84
-106
-67
-67
-137
-111
-82
-124
-124
-43
-88
-42
0
0
0
0
-43
-8
22
-29
-70
11
6
28
78
18
11
60
-3
-38
18
30
38
70
12
4
-38
-9
28
56
6
-25
7
40
0
0
0
0
44
43
54
69
29
-16
60
56
64
92
12
13
49
16
39
17
55
36
43
15
51
48
-41
84
36
26
55
0
0
0
0
0
-5
21
-4
52
36
41
65
20
2
72
25
36
105
40
11
2
-19
2
13
18
-12
37
-21
-22
65
-8
1
26
0
0
0
0
-31
-26
-100
-77
-122
-108
-110
-86
-104
-93
-131
-95
-116
-81
-80
-118
-78
-130
-176
-121
-58
-71
-95
-82
-133
-68
-73
-51
0
0
0
0
-37
-18
1
-2
-25
38
76
2
-37
3
-5
6
46
38
25
-3
0
-24
11
27
15
23
30
30
35
21
5
38
0
0
0
0
1
67
41
74
47
60
24
115
14
7
48
25
89
28
24
47
14
34
73
94
29
48
16
58
41
80
0
19
0
0
0
0
49
1
35
24
34
13
70
97
17
45
40
-8
60
30
9
49
31
-3
-31
16
-1
9
36
4
16
-11
14
3
0
0
0
0
-29
-45
-69
-38
-107
-109
-113
-126
-128
-79
-125
-43
-77
-158
-92
-109
-119
-122
-19
-100
-177
-59
-135
-104
-104
-77
-125
-73
0
0
0
0
-20
-11
-45
7
-4
10
18
9
36
78
16
-23
-5
-11
16
1
20
42
7
-1
10
18
-1
44
-22
-6
32
72
0
0
0
0
59
39
26
-10
30
73
39
108
50
22
107
-16
-10
65
-3
54
76
89
43
45
66
57
54
10
-9
29
-1
36
0
0
0
0
-2
18
30
34
12
64
22
5
15
11
68
84
44
36
15
15
-33
62
54
1
31
22
29
37
59
-9
4
-2
0
0
0
0
-28
-65
-75
-80
-80
-95
-108
-86
-114
-57
-160
-169
-81
-62
-85
-142
-23
-91
-171
-94
-50
-92
-154
-100
-164
-52
-67
-42
0
0
0
0
-13
-52
-19
-5
46
-14
3
12
15
28
10
-13
24
-18
21
22
-3
9
31
16
7
41
-12
-9
56
45
33
57
0
0
0
0
49
36
35
35
32
62
15
53
51
52
74
52
-15
38
15
60
25
26
65
49
52
28
63
17
30
80
30
51
0
0
0
0
4
9
-10
-41
12
14
19
14
35
-7
20
0
46
66
31
73
42
-24
28
25
13
31
57
-17
8
8
12
-11
0
0
0
0
-54
-41
-43
-83
-150
-155
-116
-96
-90
-118
-71
-110
-114
-169
-14
-63
-121
-89
-42
-88
-152
-96
-106
-55
-92
-85
-104
-89
0
0
0
0
-12
-40
-16
35
10
33
-1
22
-12
-14
33
11
15
21
16
-2
-15
26
24
49
7
10
-12
-16
16
31
18
31
0
0
0
0
70
32
45
43
31
51
46
5
102
25
-4
46
50
78
104
54
75
-16
38
15
29
53
47
46
68
72
34
3
0
0
0
0
15
13
2
31
22
31
45
-10
18
32
5
25
13
33
11
8
25
32
31
37
12
21
15
27
-7
8
32
2
0
0
0
0
-42
-68
-80
-129
-73
-92
-136
-99
-92
-140
-101
-113
-38
-80
-104
-126
-91
-130
-125
-100
-35
-100
-119
-75
-69
-98
-112
-50
0
0
0
0
-41
-51
9
-7
-21
7
27
35
68
41
55
20
-17
-15
-19
8
34
37
1
-42
15
13
9
-2
6
45
40
39
0
0
0
0
12
30
36
47
57
28
50
43
18
78
29
58
80
56
54
-3
91
1
40
40
2
13
24
63
54
79
63
-50
0
0
0
0
26
-11
7
32
57
39
50
50
21
10
18
10
21
16
27
41
44
46
66
48
24
45
14
22
9
3
52
23
0
0
0
0
-44
-63
-23
-89
-110
-118
-72
-120
-78
-90
-90
-149
-109
-132
-113
-53
-74
-117
-77
-85
-97
-81
-69
-115
-130
-26
-106
-88
0
0
0
0
-31
-3
-11
2
35
51
3
-29
-50
-14
24
63
40
51
0
-5
-4
-12
11
25
9
-2
44
36
23
38
11
-2
0
0
0
0
69
25
83
81
72
43
43
60
3
13
28
36
49
26
66
21
19
69
30
27
33
49
28
65
66
31
35
-9
0
0
0
0
-6
12
-25
23
-9
23
15
59
39
51
-2
9
-3
21
-3
53
18
56
40
25
76
30
5
13
45
2
44
9
0
0
0
0
-22
-58
-66
-98
-91
-183
-141
-97
-84
-98
-83
-89
-127
-85
-69
-125
-102
-59
-78
-100
-71
-108
-115
-65
-69
-88
-90
-52
0
0
0
0
18
-28
-34
4
42
1
19
-26
4
57
32
12
23
-9
22
3
36
34
-26
-9
-28
20
32
6
-47
32
91
53
0
0
0
0
40
97
51
18
0
32
55
86
40
68
50
70
59
43
14
49
-23
57
41
24
30
30
59
57
77
-20
23
17
0
0
0
0
3
-1
5
43
43
14
57
32
-29
19
20
14
48
10
23
50
4
31
76
1
20
48
12
59
41
-19
27
46
0
0
0
0
-14
-58
-50
-166
-126
-60
-35
-101
-70
-106
-159
-109
-131
-86
-115
-106
-110
-67
-140
-72
-114
-57
-92
-77
-124
-44
-60
-108
0
0
0
0
-40
-86
-9
100
57
26
-4
-1
-23
8
28
27
-30
-35
32
36
6
22
47
52
-13
-8
-14
6
27
29
80
20
0
0
0
0
57
19
17
-3
86
64
53
35
56
64
82
26
47
11
-51
61
14
12
65
66
1
105
51
16
58
-42
-41
65
0
0
0
0
16
10
-20
-20
13
43
-7
57
13
25
73
56
67
97
26
57
80
-18
25
-1
16
43
30
23
56
11
19
32
0
0
0
0
-69
-67
-61
-82
-85
-136
-107
-91
-100
-71
-100
-59
-121
-138
-80
-84
-128
-102
-75
-118
-88
-69
-121
-44
-102
-126
-62
-32
0
0
0
0
-11
-10
39
22
-25
-15
-8
7
43
-1
-23
-23
33
72
56
19
3
9
19
8
-7
-2
-12
22
47
25
27
41
0
0
0
0
92
61
16
86
17
11
5
24
82
19
65
22
-30
58
75
33
120
-13
46
99
4
65
19
23
31
56
20
17
0
0
0
0
-13
1
-17
45
57
-3
21
-11
24
57
46
45
17
17
27
5
22
9
-7
41
-22
28
31
31
-10
9
17
-9
0
0
0
0
-2
-70
-81
-126
-121
-91
-99
-70
-117
-91
-94
-113
-81
-37
-145
-107
-100
-134
-96
-73
-83
-92
-75
-123
-78
-42
-80
-106
0
0
0
0
-27
-20
-29
3
15
55
38
51
9
-11
7
12
38
-10
-46
1
37
20
19
-11
21
4
12
44
38
-21
10
53
0
0
0
0
73
39
50
43
36
57
15
61
69
33
46
17
28
45
78
23
75
94
33
57
31
20
-6
71
56
59
28
-27
0
0
0
0
22
38
-25
74
28
33
39
63
24
32
-4
2
16
-6
32
-19
-16
10
36
-4
56
26
10
8
66
-7
26
36
0
0
0
0
-9
-67
-39
-93
-93
-114
-100
-91
-96
-104
-112
-109
-129
-143
-58
-125
-52
-105
-123
-98
-118
-104
-97
-56
-123
-64
-63
-63
0
0
0
0
-19
-68
-105
-95
-130
-54
-84
-89
-105
-80
-140
-57
-81
-89
-78
-167
-114
-101
-34
-95
-107
-74
-94
-111
-43
-111
-74
-69
0
0
0
0
-6
-71
-56
-81
-77
-86
-68
-105
-77
-101
-42
-88
-49
-139
-40
-106
0
-148
-100
-44
-82
-59
-101
-74
-69
-41
-57
-51
0
0
0
0
-19
-34
-56
-70
-90
-58
-114
-86
-63
-98
-44
-115
-52
-82
-56
-104
-83
-39
-69
-60
-82
-83
-70
-47
-68
-56
-82
-78
0
0
0
0
11
-35
20
33
73
14
-37
-16
-23
-1
41
5
7
13
13
36
48
-18
-23
70
13
15
15
20
13
3
10
42
0
0
0
0
-22
9
-10
-10
-26
-15
27
7
51
50
26
24
-4
6
39
-9
20
14
9
40
12
19
19
-12
-18
50
58
29
0
0
0
0
-38
24
21
42
37
23
1
-4
11
2
-18
-19
4
-3
51
29
-19
44
34
-3
13
23
-17
0
61
11
11
33
0
0
0
0
-4
14
23
-22
4
8
18
49
4
-12
20
-25
76
58
5
15
4
5
-1
10
29
30
18
-15
5
35
38
74
0
0
0
0
61
70
57
-1
39
53
32
74
-30
23
-23
11
120
51
101
51
-9
87
42
-15
29
43
17
60
71
42
3
-17
0
0
0
0
35
37
29
4
98
19
31
57
-30
50
77
72
118
71
1
94
14
43
36
15
81
31
85
34
55
10
30
36
0
0
0
0
44
49
96
33
116
27
98
39
65
70
116
46
62
72
46
62
55
13
83
65
71
35
69
70
33
101
51
36
0
0
0
0
6
17
11
57
13
28
49
24
88
65
43
62
-23
32
20
22
18
36
58
47
23
29
2
22
18
33
32
33
0
0
0
0
-3
11
-3
28
41
33
60
55
16
68
40
-12
38
-19
-1
24
24
55
9
40
12
30
70
-9
24
-2
17
35
0
0
0
0
-14
3
-26
-18
20
-19
17
-8
18
-29
-16
-12
-12
-14
-6
5
-14
25
-3
-19
-17
3
-20
44
13
-6
-22
27
0
0
0
0
-21
-26
-55
0
-38
12
-44
-19
-38
-22
-11
-7
-55
12
-57
53
-15
-9
-13
-6
-13
-16
-16
-44
0
-35
-4
-10
0
0
0
0
9
-7
4
-27
-9
-42
-27
-7
-12
-8
12
-15
23
25
12
-19
-2
-31
-18
-9
-16
-20
21
8
-34
-29
-31
-40
0
0
0
0
-11
-62
-4
-57
-34
21
-9
-55
-12
-21
-29
-3
-30
-40
-18
-54
-28
-35
-9
22
-40
-18
-76
17
-34
35
-54
-4
0
0
0
0
-25
-32
-19
13
-27
10
-7
-36
-16
-6
-15
-7
-29
-43
-19
-7
-12
23
-50
-26
-1
-8
-46
-15
-36
0
38
8
0
0
0
0
5
-50
-32
22
-53
-33
-30
-39
-16
-24
-67
-67
-55
-63
15
-42
-28
-68
-41
-59
-23
-25
-50
-33
-77
-20
-13
11
0
0
0
0
43
46
19
20
29
29
21
13
26
58
35
11
35
28
36
58
6
-18
27
51
24
19
1
19
35
34
4
18
0
0
0
0
-46
-67
31
5
23
32
32
14
31
6
24
12
-8
-22
-34
5
28
10
1
-16
16
-2
-12
-9
-20
-13
-14
-27
0
0
0
0
-17
-30
-47
20
30
6
32
-25
3
11
-8
1
-18
1
5
0
-34
-20
46
-27
3
-15
-8
-33
23
-34
28
33
0
0
0
0
22
-45
-46
2
-52
-44
-13
-32
-77
-1
-42
-30
-9
-35
-50
-47
6
-47
-36
-91
-20
-33
-19
-40
-73
-33
-5
-1
0
0
0
0
-1
47
49
-15
-10
-35
-14
-3
-13
8
-3
3
12
22
-6
1
57
-2
-44
-29
24
31
67
-12
-5
34
29
7
0
0
0
0
-32
-39
52
-30
5
1
-19
-32
-23
-39
-66
-9
7
-11
-23
-17
-1
-16
28
-18
-17
-10
-5
-9
16
-7
-8
-8
0
0
0
0
-7
-19
-29
31
46
18
30
4
-50
20
7
28
-4
-17
-2
34
46
-13
-4
26
-2
20
12
-2
3
51
-10
44
0
0
0
0
42
-79
-72
-33
-76
-49
-54
-69
-47
-16
-71
-42
-88
-25
8
-86
-82
-116
-14
-59
-18
-53
-42
-72
-48
-89
-7
-6
0
0
0
0
29
38
37
3
37
24
-7
-3
41
31
-14
23
8
23
66
-7
-9
32
44
27
27
-17
-1
29
6
25
11
21
0
0
0
0
-33
30
39
-6
8
11
40
35
31
-32
69
-16
39
-1
-5
46
-6
37
0
13
27
-10
16
19
6
-3
-5
-54
0
0
0
0
-33
-21
1
36
51
47
25
47
8
31
18
30
27
41
-11
24
67
38
35
31
24
0
19
30
44
40
63
25
0
0
0
0
-11
-70
-61
-79
-58
-54
-43
-59
-51
3
-21
0
-69
-34
-85
-34
-39
-93
-10
-103
-27
-80
-42
-70
-32
-65
-5
-37
0
0
0
0
82
73
58
55
30
37
55
9
41
23
75
28
19
42
64
92
31
-20
2
102
46
41
23
26
39
66
43
-12
0
0
0
0
0
26
22
-15
-17
-1
4
-25
28
1
5
-21
60
42
41
-40
33
25
19
23
-21
-46
24
54
33
15
-10
-1
0
0
0
0
-16
-11
53
15
6
29
37
46
-5
28
32
47
45
23
56
28
23
62
34
6
40
-14
49
31
51
54
64
21
0
0
0
0
-23
-80
-67
-41
-46
-33
-45
-33
-46
-73
-10
-37
-105
-27
-72
-56
-47
-57
-76
-60
-16
-60
-61
-124
-37
-86
4
-59
0
0
0
0
68
17
72
51
36
77
42
19
67
27
47
36
62
37
17
17
79
83
33
1
61
76
49
76
15
53
45
6
0
0
0
0
-14
30
34
-10
0
17
34
29
10
39
74
20
61
25
-15
10
26
15
-12
-3
49
24
37
34
14
-7
-47
-9
0
0
0
0
-3
-14
33
81
-10
34
42
13
16
48
-11
38
50
48
29
37
18
67
43
18
8
29
29
58
52
34
73
16
0
0
0
0
-33
-44
-14
-47
-84
-13
-93
-36
-44
-108
1
-74
-72
-33
-35
-31
-110
-27
-26
-105
-8
-80
-101
-32
-63
-69
-3
-46
0
0
0
0
61
54
27
36
34
6
20
43
15
31
23
21
77
26
49
71
-2
10
69
40
54
65
19
74
86
61
40
29
0
0
0
0
17
20
-4
20
21
-30
-16
13
27
19
-27
-18
74
-13
24
-45
43
-10
-18
21
-17
-11
23
34
6
-14
-27
41
0
0
0
0
-11
-12
24
55
-8
11
33
20
27
-4
50
15
29
57
30
-3
31
18
39
9
24
-12
36
24
77
20
62
60
0
0
0
0
-31
14
-70
-26
-42
-29
-84
-19
-118
-54
-38
-108
-44
-87
-63
-32
-90
9
-31
-44
-75
-84
-88
-121
-42
-24
-36
-38
0
0
0
0
28
39
83
31
-9
6
44
28
52
63
67
46
17
14
59
14
48
26
40
64
36
54
69
47
47
93
17
11
0
0
0
0
35
1
38
42
-6
11
72
19
-2
4
27
36
-44
-13
-1
1
5
3
7
17
18
42
-36
-4
-24
-8
-28
22
0
0
0
0
-15
8
-8
48
14
9
11
27
35
66
5
45
15
62
-19
36
31
47
27
11
14
79
10
35
40
19
27
83
0
0
0
0
-17
-39
-88
-47
-61
-40
-116
-34
-50
-66
-90
-45
-41
-50
-8
-52
-48
-6
-90
-65
-51
-78
-19
-33
-41
-36
-38
-50
0
0
0
0
31
42
71
19
75
93
76
45
43
78
45
28
16
79
57
26
49
59
46
67
73
39
48
55
27
61
32
-1
0
0
0
0
17
-13
6
11
64
-16
-12
6
15
-47
-30
-7
10
17
6
-7
79
-19
35
24
28
30
36
-7
43
1
18
19
0
0
0
0
-48
-7
6
14
33
55
5
7
-6
7
13
-1
39
36
36
10
63
25
2
27
40
68
71
19
52
48
36
80
0
0
0
0
-44
-10
-67
-38
-24
-61
-81
-25
-115
-42
-77
-39
-78
-70
-18
-34
-61
-33
-39
-28
-71
-35
-13
-80
-54
-38
-61
-15
0
0
0
0
73
35
38
29
62
14
8
55
70
16
29
61
65
4
42
37
44
14
26
63
57
36
80
48
56
52
63
8
0
0
0
0
4
-28
21
33
12
6
17
4
-17
-48
27
7
-13
15
3
61
-24
18
44
56
20
47
-2
67
-19
47
-13
-18
0
0
0
0
-29
-33
1
7
-7
5
18
47
4
18
15
73
13
35
40
51
-3
83
2
29
62
40
48
59
-4
63
93
41
0
0
0
0
-12
-23
-69
-98
-66
-33
-76
-95
-12
-19
-102
-5
-67
-37
-62
-88
-10
-60
-103
-46
-69
-33
-17
-49
-45
-77
-38
-44
0
0
0
0
35
40
66
48
13
59
65
9
47
84
61
-6
60
47
-16
20
19
55
38
15
29
52
19
54
56
38
29
9
0
0
0
0
-3
25
11
-27
6
-34
-12
22
0
12
34
-10
39
33
5
5
53
13
49
-11
11
-18
35
13
34
23
-26
-24
0
0
0
0
-3
-32
-13
36
8
4
12
35
39
37
8
45
70
2
64
45
45
46
55
28
39
7
23
59
7
30
58
53
0
0
0
0
-53
-54
-18
-98
-61
-42
-45
-20
-45
-82
-51
-49
-129
-43
-95
-32
-48
-80
-36
-51
-60
-36
-62
-64
-89
-72
1
-3
0
0
0
0
47
71
45
77
52
23
80
87
9
26
80
21
68
58
58
27
63
19
28
-11
38
52
36
42
53
32
39
3
0
0
0
0
22
35
-34
41
-2
28
1
60
18
29
23
52
5
-11
4
68
-2
9
25
10
-5
-19
-22
40
-33
14
-32
-4
0
0
0
0
-54
22
-16
19
65
5
46
38
23
58
55
12
69
77
-3
48
29
49
2
66
-1
19
10
30
59
29
32
40
0
0
0
0
-51
-31
-34
-44
-39
0
-80
-54
-43
-81
-91
-45
-63
-34
-81
-85
-86
-83
-42
-96
-8
-23
-74
5
-88
-81
32
-34
0
0
0
0
30
34
59
50
60
46
2
67
98
29
46
71
39
29
66
86
37
59
53
57
66
55
66
54
-2
34
25
26
0
0
0
0
4
7
8
-14
63
33
25
60
22
49
26
-22
11
13
35
-21
35
-26
-10
-29
24
10
43
1
0
63
-34
-15
0
0
0
0
0
-39
21
-8
33
18
33
87
23
63
93
39
14
49
31
27
32
21
31
24
1
19
5
-1
66
24
51
37
0
0
0
0
-61
-21
17
-92
-64
-16
-116
-103
-31
-52
-49
-45
-82
-41
-136
-55
-58
-47
3
-61
-38
-97
-58
-26
-73
-31
-18
-2
0
0
0
0
24
30
57
15
44
63
37
38
46
78
86
6
40
68
53
39
65
26
27
55
43
26
73
13
63
55
-2
18
0
0
0
0
25
37
-4
20
42
16
-14
6
22
13
24
32
9
-9
6
-33
-34
-4
-9
59
5
21
-18
4
28
16
-29
-14
0
0
0
0
-26
-7
-10
34
0
83
-38
36
99
29
66
69
-7
36
15
46
16
57
8
10
11
24
47
-2
28
40
42
18
0
0
0
0
-56
-30
-37
-77
-74
-85
-49
-23
-104
-74
-33
-62
-89
-15
-36
-43
-49
-58
-50
-71
-18
-67
-30
-98
-80
-52
-28
-15
0
0
0
0
24
49
64
91
36
53
77
67
55
-1
28
63
37
64
48
35
12
28
-5
37
73
-5
25
47
20
51
66
11
0
0
0
0
39
-15
70
5
16
-11
37
-12
32
-11
0
0
43
-6
18
-20
30
-10
27
-15
16
21
15
-10
30
-8
-9
-16
0
0
0
0
-7
-37
-10
23
39
67
31
-10
83
19
-8
74
16
51
49
20
33
-9
51
30
80
1
16
35
8
49
68
10
0
0
0
0
-28
-77
-27
-53
-45
-38
-85
-103
-35
-21
-53
-26
-40
-83
-57
-30
-43
-16
-49
-68
-70
-112
-32
-65
-61
-63
-23
-3
0
0
0
0
41
66
83
72
68
20
61
41
78
68
17
53
43
3
41
53
57
32
101
-3
22
60
33
32
45
24
25
32
0
0
0
0
-3
18
10
25
-23
8
15
-9
32
-20
4
70
47
-22
22
25
7
24
37
55
0
-11
-26
51
5
-34
-22
-31
0
0
0
0
-59
11
-24
11
15
7
31
19
33
79
30
44
33
14
48
6
49
57
24
56
34
46
17
49
22
47
38
32
0
0
0
0
-24
-88
-55
-35
-32
-96
-3
-109
-55
-2
-97
-88
-25
-18
-34
-18
-60
-82
-74
-70
-29
-23
-61
-143
18
-56
-5
-13
0
0
0
0
44
78
43
48
99
45
28
55
27
80
70
-15
13
59
42
13
74
71
39
77
30
43
36
70
39
82
47
-14
0
0
0
0
38
-23
61
-62
8
1
53
-15
17
22
12
5
14
26
15
-8
24
33
3
-50
47
11
15
57
-1
-25
-28
32
0
0
0
0
-9
-40
29
4
44
-11
27
31
16
-1
42
39
89
5
18
38
29
33
12
56
28
38
22
44
97
28
57
5
0
0
0
0
-38
-42
-21
-18
-58
-100
-37
-59
-84
-38
-61
-76
-56
-64
-27
-41
-66
-56
-50
-53
-55
-79
-62
-18
-17
-46
-5
-76
0
0
0
0
46
30
71
22
46
39
25
60
58
18
42
35
1
36
78
65
17
30
28
40
91
80
43
36
32
34
31
2
0
0
0
0
-1
48
-19
54
-14
53
34
25
-29
-8
-13
56
-14
-9
11
45
-22
3
9
62
0
28
9
39
15
4
-19
33
0
0
0
0
-22
9
-4
26
35
56
53
69
-22
26
39
7
71
54
-16
41
10
65
19
33
33
8
69
-8
77
26
46
49
0
0
0
0
-63
-34
-47
-15
-12
-77
-33
-95
-82
-67
-90
-36
-9
-68
-59
-32
-76
-27
-8
-86
-57
12
-77
-81
-5
-41
-44
-39
0
0
0
0
13
60
54
74
17
48
-19
71
80
49
68
82
23
26
-3
59
46
37
40
18
32
18
49
39
65
64
5
29
0
0
0
0
49
-11
29
-37
61
43
0
-16
1
11
17
-17
2
56
31
-14
38
67
7
-26
30
29
-34
27
-23
27
-2
38
0
0
0
0
-4
-21
0
17
8
64
56
22
53
-11
72
58
2
19
38
46
22
66
72
-6
36
10
58
17
23
18
63
102
0
0
0
0
-63
-33
-43
-70
-83
-64
-84
-3
-62
-55
-27
-83
-76
-40
-78
1
-25
-66
-53
-24
-66
-76
-52
-40
-82
-14
-30
-81
0
0
0
0
44
63
85
61
58
39
54
12
70
56
-1
31
79
86
29
23
63
19
31
35
84
19
39
44
40
117
35
-7
0
0
0
0
0
10
-24
31
5
-7
12
55
3
16
-46
8
3
8
29
55
23
-1
32
28
-18
-11
12
-12
15
55
6
-19
0
0
0
0
-53
25
-30
13
27
72
35
5
25
40
-10
66
24
42
34
46
29
-15
60
43
21
43
-1
27
38
39
33
81
0
0
0
0
-38
-7
-61
-46
-75
-63
-45
-66
-49
-29
-39
-48
-62
-56
-77
-59
-140
-21
-19
-89
-33
-13
-12
-33
-86
-49
-37
-13
0
0
0
0
44
79
84
58
11
-17
76
70
37
61
32
33
0
12
106
23
30
40
60
46
-14
34
50
58
36
26
22
21
0
0
0
0
61
-33
50
-32
43
10
33
0
18
-11
24
-7
57
25
55
-56
0
34
-14
-19
28
5
16
35
16
17
-38
-36
0
0
0
0
-4
-35
44
4
27
58
50
52
54
37
26
1
29
60
17
31
38
12
-1
78
-29
48
18
19
-4
76
39
48
0
0
0
0
-16
-46
-76
-53
-43
-44
-34
-28
-38
-67
-64
-43
-69
-88
-71
-20
-60
-84
-33
-36
0
-52
-54
-29
-104
-78
9
-25
0
0
0
0
85
50
93
23
63
96
61
13
50
6
45
55
54
17
42
-2
39
47
-7
65
34
18
51
95
46
28
20
-8
0
0
0
0
-14
-2
8
34
-30
53
56
30
8
46
16
63
31
-12
-39
-42
9
-38
-4
1
40
23
82
-2
-34
-11
-1
-41
0
0
0
0
-23
15
-57
74
35
53
31
36
6
30
19
58
38
51
52
-12
25
69
-20
29
66
-20
44
31
41
32
64
-21
0
0
0
0
-32
-41
-28
-34
-63
-105
-52
-71
-35
-4
-66
-113
-77
-69
-34
-49
-48
-59
-5
-83
-32
-74
-73
-42
-68
-35
3
-12
0
0
0
0
29
98
40
39
10
30
28
19
40
73
43
78
77
30
72
88
0
35
49
-12
72
54
27
27
44
19
36
0
0
0
0
0
19
-24
34
7
49
-9
-20
-39
16
25
40
25
-15
-52
9
-32
38
8
15
8
41
6
-7
14
-16
-13
-20
-13
0
0
0
0
3
-4
32
-3
58
25
35
18
4
9
34
4
78
-11
49
53
-40
71
37
-29
62
16
39
10
44
15
63
40
0
0
0
0
-17
-20
-88
-48
-59
-84
-15
-22
-109
-100
-108
-58
-33
-42
-8
-54
-49
-51
-29
-76
-17
-97
-94
16
-40
-56
27
-51
0
0
0
0
61
4
68
36
61
6
-2
75
75
55
94
18
50
54
-11
47
24
11
67
27
70
12
27
16
45
60
-4
31
0
0
0
0
7
20
19
62
-43
-7
39
-2
39
16
1
-35
-22
7
25
11
33
4
44
26
-3
-16
20
25
-27
38
34
11
0
0
0
0
-32
-11
3
55
44
62
58
12
19
26
27
42
31
-7
-12
52
30
12
100
1
35
67
7
22
42
29
15
91
0
0
0
0
-15
-33
-91
-67
-21
-36
-49
-42
-58
-40
-60
-28
-29
-36
-55
-22
-57
-84
-69
-107
0
-64
-59
-33
-26
-51
-41
-2
0
0
0
0
80
105
90
29
39
55
80
25
40
32
-3
22
34
90
39
19
57
58
29
78
39
27
43
37
-2
102
23
-22
0
0
0
0
14
-47
34
3
43
40
20
27
21
-19
-9
-10
38
-16
19
65
14
57
-22
57
-61
31
-19
35
33
-5
-2
10
0
0
0
0
-15
-11
-5
18
-46
2
-2
-42
17
-24
-9
18
7
54
25
-19
21
-44
-5
-17
-21
12
26
0
-6
-23
-39
-39
0
0
0
0
4
-5
19
10
43
12
-12
11
24
-3
46
30
47
-2
1
26
39
32
-19
-1
33
30
-3
43
14
-26
-7
0
0
0
0
0
19
10
29
1
2
29
-8
41
32
64
48
12
12
36
20
13
6
1
61
7
19
24
42
10
-15
16
-18
18
0
0
0
0
-25
-31
18
42
31
46
0
33
30
31
63
26
-17
110
-15
69
68
-11
44
71
40
31
28
8
17
38
54
29
0
0
0
0
6
-29
-10
37
12
8
17
28
53
21
19
31
9
30
76
-17
87
47
-4
23
40
16
16
46
-20
33
57
21
0
0
0
0
-28
3
-2
62
52
27
53
32
15
66
8
26
53
8
77
71
-10
111
17
32
32
29
30
41
44
1
57
28
0
0
0
0
0
-3
12
30
51
14
71
51
48
69
59
45
90
45
36
82
18
26
56
35
38
66
59
33
41
19
8
81
0
0
0
0
-34
-18
-85
-32
-45
-83
-4
-62
-108
-7
-65
-19
-9
-53
-89
-77
-109
-37
-65
-41
-22
-34
-36
-61
-63
-84
-21
-24
0
0
0
0
-14
-24
-96
-28
-69
-89
-40
-111
-9
-13
-43
-20
-94
-60
-58
-52
-23
-85
-61
-12
-57
-32
-94
-105
-16
-25
-49
-19
0
0
0
0
-3
-2
-53
-15
-79
-4
-16
-23
10
-26
-24
-58
-73
-20
-25
-91
-27
15
-33
-4
-42
-30
-32
-38
-55
-32
0
-28
0
0
0
0
-6
-8
-44
-7
-64
-8
-35
-30
-46
-46
-71
3
-25
-56
2
-17
-28
-7
-35
-37
-34
-19
-66
-12
-3
-46
-9
-18
0
0
0
0
57
58
65
16
11
22
60
32
63
38
22
109
19
47
78
29
28
80
43
30
2
35
10
70
38
16
38
6
0
0
0
0
59
49
26
93
58
82
60
9
20
27
32
59
61
23
59
42
68
21
61
50
74
25
24
51
75
70
39
-24
0
0
0
0
49
56
86
45
56
35
36
52
21
59
82
25
91
44
74
79
37
49
44
33
81
53
48
55
18
62
79
27
0
0
0
0
46
18
62
42
42
62
47
70
70
72
41
49
43
61
14
17
27
44
91
25
22
36
45
44
47
53
7
34
0
0
0
0
